1	1	1.0122232265	0.9930346378	1.004608729	1.0118179793
2	1.9707518669	1.9748297974	1.9807373284	1.987743506	1.9809993428
4	3.8203835277	3.8580876086	3.8174516009	3.8848545227	3.8907170279
6	4.2662464201	5.5280049951	5.5569187529	5.4295213484	5.5750749502
8	4.3036925165	6.5851093689	7.3563929577	7.3590849448	7.3232513981
12	4.2167518377	7.5453429599	10.680586642	10.569201892	10.4815344294
14	3.9463898844	6.4137632527	7.3756261134	7.3878191503	7.4899413132
16	4.2338985702	6.5115478729	8.3133253018	8.3724603892	8.3715143766
18	4.4369247838	5.8919559185	9.3140838174	9.3087254092	9.2676651634
20	4.2135459694	7.1422294606	10.3340307295	10.3802852213	10.084474755
22	4.1534126616	7.3324825636	11.1136620219	10.9665638341	11.184833822
24	4.3450449255	7.3081200064	11.8947839827	12.1859780642	12.1334608986

