1	1	1.0451250856	1.0488862612	1.0384850945	1.0422779158
2	2.0485090824	2.0556386428	2.054518901	2.0324292215	1.9864064062
4	3.9487739633	3.9594473398	4.001336541	3.9822754292	3.9596273549
6	4.0875000533	5.6656159628	5.6859935781	5.6721571599	5.6580203166
8	4.1327817298	7.1683103123	7.3740619011	7.4707841073	7.4067866062
12	4.2077116668	7.6652931246	10.4636019092	10.5819535418	10.6852260813
14	3.9319028779	5.6947137533	7.1614514031	7.1802912541	7.2440868671
16	4.2656977728	6.2722832563	8.088891891	8.1592995725	8.1643060456
18	3.9418038183	6.2354189311	8.9062258871	9.008905314	9.0495829516
20	4.3982609255	6.7512032868	9.9207389688	9.8319564035	9.8639457183
22	4.2630403247	6.8204638977	10.3786969428	10.554556672	10.7206195027
24	4.081179177	7.1404209648	11.2204823087	11.3614003463	11.3565518386

