1	1	1.0057097839	1.0058997278	1.0057144538	1.0018471264
2	1.9619283133	1.9209844789	1.9723980293	1.969128432	1.944525744
4	3.7610657375	3.7335765794	3.8050267323	3.6713242855	3.8340797649
6	3.9564094914	5.381543966	5.283824223	5.3211668072	5.2495455537
8	4.2754411823	6.8926074827	6.866603965	6.9211669969	6.8636301218
12	4.3132729264	7.3614487861	9.7794049035	9.8437031314	9.825988991
14	3.5176675671	5.3442311488	6.6785861119	6.7009013283	6.7712901209
16	3.8744305579	6.1058561522	7.3361822718	7.5484781599	7.4659948754
18	3.6893975096	5.5449898449	8.1623621335	8.3733634021	8.0991810737
20	4.2040722577	6.2562994059	9.0131082506	9.0332818951	9.0251263959
22	4.0223659775	6.3193966272	9.7925219278	9.6803331198	9.6879827046
24	4.16422387	6.6774193548	10.257846047	10.5630100465	10.6276251227

