1	1	0.9821777236	0.9813949903	0.9935273298	0.987610886
2	1.6029165617	1.8658717945	1.9414764547	1.9248399146	1.9049039864
4	1.6192836528	3.0834075351	3.7878294655	3.5851313185	3.8309407912
6	1.6019851888	2.7998667525	4.4841346303	5.3782537927	5.3040473477
8	1.5760177387	2.8940258542	4.8456061793	6.8504280944	6.7032861523
12	1.6115398792	3.0613388026	5.0820438162	7.9505179634	8.2837294753
14	1.6255074336	2.7043737134	4.071849866	5.6721397403	6.0115826899
16	1.6088026284	2.906218528	4.5235211437	5.9698787703	6.5215485096
18	1.638108934	2.5802371259	4.7956260179	6.8899005173	7.0806526807
20	1.6102509542	3.0790318852	4.6644432351	6.8959924804	7.3487827238
22	1.5420745034	3.0850777224	4.5858459583	7.0798420007	7.6382212811
24	1.617229707	3.1384260669	5.2197474888	7.293249425	7.8118407161

