1	1	0.9873719612	0.9848832614	0.9867187016	0.9797864411
2	1.3912026767	1.9485482885	1.9409208413	1.9373183158	1.9335532052
4	1.404418419	2.233008972	3.6659750739	3.7935055856	3.7429698049
6	1.3806533343	2.4903342567	4.2593780272	5.2432050878	5.2306945517
8	1.4047278503	2.5669537559	4.417436993	6.9662739242	6.8876305366
12	1.3854060093	2.6205160349	4.6821252846	7.2658360083	7.7620883469
14	1.3957380512	2.2459818637	4.2068457372	5.5070108258	5.5385450676
16	1.3695146684	2.5207088895	4.2115003523	6.1232202454	6.2550321304
18	1.3714245766	2.6184980594	3.6285244082	6.0781257448	6.774978526
20	1.3621776953	2.5622341744	3.8652211035	6.7259604396	7.0598689674
22	1.3756956444	2.4310880631	4.3633719438	7.0136591984	7.2906232133
24	1.3664791298	2.4403389971	4.5299031943	7.4855001565	7.7354835448

