1	1	1.0071109732	1.0087356601	1.0095842264	1.0016172605
2	1.3229933803	1.9413453461	1.9601565738	1.9578402772	1.9187892142
4	1.3225596746	2.3864310827	3.2131633654	3.8115945897	3.8282073413
6	1.2870861864	2.4534350778	3.9620433663	5.3225330382	5.3862870074
8	1.3258428009	2.4614183488	4.2561674127	5.831328548	6.7340651258
12	1.2904145087	2.4614353176	4.3477734075	7.4854240699	7.6819893283
14	1.2589131297	2.2488945857	3.83375657	5.2816304493	5.4102418402
16	1.3157024885	2.3357014591	3.9906281959	5.5696235112	5.9100441958
18	1.2947828783	2.4016486621	4.1591163246	6.1334507193	6.4678278354
20	1.3469934017	2.4017213603	4.2356929319	6.5595013917	6.7069945242
22	1.3580962343	2.3837782622	3.8698658718	7.0754223433	7.3602799452
24	1.3025080257	2.2668493046	4.0550775993	7.1673174012	7.706945119

